0.6571832488
0.5555078743
0.683347266
1.0932198108
0.4885193318
0.6618712907
0.4085414832
0.6299463241
0.7192799268
1.2986656652
0.4734982374
0.5980895244
0.6050718007
0.6651099705
0.4312663134
0.6756352334
0.7205357345
0.3405111938
0.6749818123
0.6170239793
0.4661887033
0.704883391
0.6643080863
0.8596672895
0.6175392936
0.445315362
0.3835033452
0.8528316553
0.5312958103
0.7141326005
0.5038631558
0.871792757
0.5982454858
0.429240695
0.3933876427
0.7531708388
0.6508072313
0.6464640159
0.6308719759
0.733520497
0.694304137
0.4561818073
0.6141168724
0.6481161555
0.6339337609
0.6678429207
0.9719634628
0.6273717353
0.7617015641
1.0503297438
0.4234190465
0.756214652
0.729222554
0.3863647011
0.7336828965
0.6216130606
0.7187123172
0.657569984
0.5094318305
0.7183348085
0.5825647403
0.7258292719
0.6285332309
0.7622854391
0.5381483712
0.7810364114
0.7818000951
0.2456147256
0.6256601085
0.6634019547
0.9591399816
0.6247179437
0.7082961707
0.6996187636
0.6799084564
0.7654449595
0.5527899804
0.666311245
0.6992645085
0.9226149688
0.7461329163
0.5660920267
0.769605351
0.9842917762
0.418312229
0.4906476424
0.8673375023
0.656837583
0.5868952925
0.6921509527
0.8020892429
0.6552623115
0.9206698726
0.7013674004
0.7465642747
0.6693608228
0.6428718722
0.548874055
0.5010603941
0.6662195182
