0.6729169559
0.5850454029
0.6786762142
0.4205359899
0.8069749156
0.5874425778
0.5667297603
0.8048755574
0.5898095776
0.6250484545
0.7238818127
0.6541675401
0.906391601
0.6357118306
0.7023646627
0.7381526339
0.8520363798
0.6886168614
0.4219842614
0.5784392774
0.5122248137
0.8306290706
0.6688182261
0.9810503094
0.9680168484
0.4802693747
0.6388787945
0.4309015791
1.0249507088
0.5031096258
0.9566199003
1.0689427895
0.6545526844
0.4407085379
0.906029204
0.4950093355
0.8931845174
0.7328682862
0.4882819376
0.5652615721
0.4914215444
0.4865577175
0.9427490055
0.7281354532
0.7984267438
0.5684463535
0.3985347716
0.3884058036
0.4847774751
0.943449536
0.6143537504
0.6748513744
0.6077239575
0.6540166589
0.9464043516
0.4189160829
0.6671999814
1.1322511957
0.7159229419
0.4607484022
0.5867415925
0.5978159452
0.6846995978
0.8086531036
0.4476482626
0.7410707857
0.6607762276
0.4104176998
0.5155014735
0.4477063367
0.783707665
0.9565089022
0.7288634202
0.690394556
0.7106544678
0.711355923
0.5546612793
0.535112446
0.6613185426
0.6598300551
0.7333966079
0.5460349065
0.6479954357
0.541044736
0.8261559382
0.6261519119
0.8302170589
0.6790621953
0.9913528177
0.8170788168
0.4699837789
0.6316302562
0.6257437932
0.5826296526
0.7578901832
0.7172402978
0.7946282072
0.7748613531
0.5836463406
0.4468818205
