0.610545336
0.654228353
0.9792819184
0.9188050933
0.6094983793
0.8751881902
0.6002798927
0.7150448628
0.8977163691
0.8891064935
0.6695940506
0.7568893333
0.4013152708
0.6035999114
0.9651046898
0.7013384643
0.8409920638
1.0015214644
0.5864195787
0.7272125559
0.6920916331
0.7047117802
0.9329442075
0.9845988231
0.639773221
0.8238536036
0.7522319686
0.6583999409
0.6956595579
0.8591166148
0.6496593094
0.6407246974
0.8788435817
0.6245846285
0.8025807987
0.6613212433
0.5386643418
0.9910290094
0.5921734588
0.6514118053
0.6491101878
0.8202229569
0.7833809015
0.6606120245
0.4559370615
0.6477883557
0.6517865405
0.8114045092
0.5628614321
0.9091687365
0.6920802761
0.8580867089
0.5879814346
0.770077899
0.4737757239
0.5985983732
0.8591721697
0.7002981725
0.8631025228
0.629517527
0.615940285
0.747960048
0.6564296328
0.7017808721
0.7846987941
0.6764300503
0.7751704137
0.4054022544
0.6248024777
0.7784586528
0.5332087625
0.7744514382
0.8241779754
0.6009385305
0.9728781092
0.5935323815
0.622728951
0.9254114726
0.8437128269
0.6959764101
0.8595981332
0.5663493064
0.5054096786
0.7465670675
0.7621223075
0.7372022379
0.6348134619
0.6362111432
0.5136955166
0.9871635352
0.8611841156
1.0109845192
0.6922212764
0.7764722224
0.6902756601
0.9515101805
0.5668509588
0.5549784261
0.8889393049
0.6827543626
